1257203 0.153483755215
634374 0.153166688932
1055696 0.144970736896
760008 0.123195470095
1662756 0.122475518255
173875 0.120435302414
1657857 0.119957589214
1647082 0.114854513079
1822977 0.108182592977
1832029 0.10204841729
1794479 0.101339034326
343843 0.0994915947842
245929 0.0992066578846
2021871 0.0960841891305
1661467 0.0938368233171
1972926 0.0937594591441
331158 0.0896139231837
343448 0.0872612913645
138155 0.085281952249
1676819 0.0841717975037
823758 0.0836915477739
444833 0.0835478110589
836227 0.0828020711615
1129361 0.0825251666078
1576103 0.0802224198837
1117370 0.079339284597
1609223 0.0765465647771
1959409 0.0749789890743
1054595 0.0743042720243
173442 0.072827588656
567186 0.0726627141888
548281 0.0707083176209
304140 0.0702225720755
1690566 0.0680589117609
78034 0.0657548967717
74962 0.0654720736473
1755545 0.0644587298071
14403 0.0638258655064
1853062 0.0622464526624
367780 0.06145251869
959786 0.0595962012923
517668 0.0592689888883
548779 0.0583613338091
1541526 0.0578743199985
106021 0.057541611779
1568423 0.0570161272594
1598750 0.0568347653456
1357328 0.0565599745671
1623364 0.0563299958232
1884028 0.055654433263
754237 0.0555449397067
1370322 0.0552371740347
1909745 0.0550160731468
1530261 0.0547848261378
1298289 0.0537697912774
522034 0.053043498112
1370520 0.0521836143527
717152 0.050925072587
1673413 0.0508578545351
940790 0.0507103130247
1901409 0.0504418635719
1155347 0.0501852512602
624 0.0500419373004
774846 0.0498829814039
4288 0.0496064996051
201644 0.0493439687229
274747 0.049239125472
1575378 0.0488455405261
797180 0.048439695684
223635 0.0484363136437
117096 0.048343730289
766526 0.048112060525
1104203 0.0480338508419
428930 0.0477810433256
1165556 0.0476732407894
1987554 0.0474212787833
1605956 0.0472885336995
1530845 0.0471667802469
1568086 0.0469579392552
1127149 0.0469473703791
1073805 0.0468674696758
451878 0.0468175845806
1704452 0.0458524348154
1298809 0.0456321794375
1491036 0.0454026234487
1148160 0.0447473531307
255720 0.0445279432629
17471 0.0443355897179
1012717 0.0441757883113
304690 0.0441360493372
1371513 0.0440510755734
409908 0.0438785915155
923907 0.0438591447835
198108 0.0436169061433
1745826 0.0430969174393
915648 0.0430964946843
660115 0.0428187446204
477325 0.0427899972775
1841227 0.042679658211
1184547 0.0425697418996
1879092 0.0424788495652
1440271 0.0424120542682
1564192 0.0424061356976
1827126 0.0423930302912
1895853 0.0421461413456
227881 0.0419647794318
570238 0.0417703121116
671699 0.0417284593622
1942707 0.0416891431432
720640 0.0413577031888
1398459 0.0413420612521
846847 0.0413251510504
155815 0.0408909816203
1885574 0.0408702666232
1263370 0.0406960915451
1321825 0.0405396721788
1021957 0.0404880960635
1678278 0.0404470888242
1644482 0.0404314468876
1013409 0.0402433208931
1649503 0.040204004674
432317 0.0401684932503
1631375 0.0397470064715
1434771 0.0393576490761
507796 0.0392849352086
1618727 0.0392735208224
701730 0.0392688705169
1565595 0.039250269295
411806 0.0389746330063
1289192 0.0384867736857
1416733 0.0383747435991
436001 0.038171821178
354923 0.0381633660771
572336 0.0378488363245
342764 0.0373939518972
727696 0.0372303456953
1988219 0.0371669324387
2015694 0.0371043646922
1118381 0.0370946413262
1832282 0.0370379921503
1951989 0.0370295370494
1692889 0.0369919118505
1100926 0.0369640100176
2081099 0.0368735404382
1550210 0.0368346469742
1693623 0.0367864528992
571060 0.0366723090373
722500 0.0366177736367
1796830 0.0365133531408
624094 0.0363294546967
1925178 0.0362981708235
1567210 0.0360838340162
1380716 0.035947284137
1330102 0.0359168457739
1801374 0.0358923259813
1124270 0.0358246851743
94588 0.0354898631796
734433 0.0353545815655
2007821 0.0348113413341
1007622 0.0346219470745
1057284 0.0345234451492
157425 0.0344777876045
1159039 0.0344744055641
1958361 0.0344321300597
1225319 0.0344063420021
1997990 0.0342207525378
643441 0.0339895055288
1382501 0.0337713639261
1630093 0.033461907234
660309 0.0332919597064
1309844 0.0330945331009
899983 0.0330772001441
591599 0.0330522575965
516786 0.0330395749452
1274262 0.0330260467838
464499 0.0329562922015
238341 0.0328218560976
515946 0.0327466056998
1087064 0.0321927965923
491361 0.0321834959813
1424104 0.0319437938714
2025637 0.0319361842806
1431048 0.0318795351047
1869470 0.0317700415484
1782936 0.0316381419747
780026 0.0316098173867
366312 0.0315624688218
2041388 0.0315185022973
482065 0.0314791860782
554009 0.0314745357727
1887558 0.0313536278301
1931073 0.0313050110001
102853 0.0310877149075
388259 0.0310564310343
77076 0.0310073914492
1272376 0.0309870992071
447960 0.0307621935237
1479112 0.0305072722323
578433 0.0304332900996
1226636 0.030273911448
1875749 0.0301475076899
421654 0.0301107280011
2010057 0.0299661457761
1428138 0.0299555769
1701660 0.0299323253726
1337171 0.0299179517011
42881 0.0299035780296
709175 0.0298388965079
1540056 0.0298215635511
1989445 0.0297983120237
664857 0.0297162975451
977930 0.0294102228934
847395 0.0293518826973
1133027 0.0292872011756
1023417 0.0292588765877
1118902 0.0292499987317
490039 0.0291519195616
1435045 0.0291159853828
299837 0.0289506881607
1101820 0.0288969982701
1063847 0.0287989190999
457097 0.0287917322642
225843 0.0287858136935
25642 0.0286019152495
2046183 0.0284425365979
491398 0.0283918059926
1405316 0.0283102142692
1108055 0.0282941495775
909897 0.0282298908108
375853 0.0281842332661
639856 0.0280992595023
855613 0.027981310845
1725628 0.0279787743148
297810 0.0277712015882
105959 0.0277107476169
94308 0.0277086338417
1779069 0.0276037905908
1831621 0.027508670706
11228 0.0274989473399
293440 0.027451598775
1390251 0.0274384933687
914006 0.0274342658182
337033 0.0273378776682
1419456 0.0272550176796
1195027 0.0271552474893
558918 0.0271353780022
1269103 0.0270960617831
1935972 0.0270237706706
1725179 0.0269210411949
1349513 0.0269028627281
956324 0.0268774974254
1956883 0.0267215008142
1018778 0.0266690791888
897153 0.0266128527679
673435 0.0265819916497
39740 0.0265519760416
498985 0.0265464802261
666895 0.0264665795228
624483 0.0264538968714
1303404 0.0263862560644
1229531 0.0263304523986
230990 0.0262869086291
452910 0.0261262617124
827327 0.0260945550841
856508 0.0260886365135
578672 0.0259808339773
1513431 0.0259372902078
1643138 0.0259334854124
898599 0.02591065664
255560 0.0258146912451
1930330 0.0256384023918
572840 0.0255855580113
545041 0.0255716070948
854101 0.0255572334234
1601155 0.0255487783225
2070888 0.0254375937459
160318 0.0254299841551
1703941 0.0253602295729
1160253 0.025226638979
1022560 0.0252202976534
1935708 0.0251750628637
699476 0.0251560388867
2021940 0.0249484661601
1306400 0.0248973127998
898766 0.0247383569033
1293808 0.0243574546088
739346 0.0241156387237
655898 0.0241046470925
655165 0.0240818183202
693369 0.0240627943432
703810 0.0240382745507
1018630 0.0239723247638
524516 0.0239706337436
1632763 0.0239592193574
179597 0.0238725545734
1884231 0.0238717090634
614815 0.0237880035647
54659 0.0237601017318
871383 0.0237398094897
1225862 0.0236446896048
374262 0.0236400392993
1035426 0.0235639433914
665809 0.0235440739043
1492782 0.0235123672761
1907262 0.0234506450396
1058628 0.0233584844401
175841 0.0231644398749
622121 0.0231234326357
1445073 0.0231086362091
72977 0.023078197846
394842 0.0229932240822
1101498 0.0228169352289
1222195 0.0227670501337
589811 0.0227332297302
1412158 0.0227154740183
679700 0.0226706619837
1141130 0.0226330367848
202983 0.0224761946635
1648873 0.0223223118275
1797768 0.0222901824442
1966840 0.0222487524499
1501923 0.0222229643922
1155905 0.0222107044959
1510227 0.0222060541904
529428 0.0221899894988
607163 0.0221549008301
479740 0.0220775366571
1523275 0.0220521713545
598828 0.022047943804
1562898 0.021989603608
840280 0.0219748071814
1409541 0.0219739616713
1974330 0.0219363364724
1108720 0.0219012478038
1164947 0.0218970202533
692683 0.021855590259
782744 0.0218522082187
1390999 0.0218475579132
265934 0.0218331842417
1775769 0.0218061279189
797156 0.0217904859823
413837 0.0217769578209
199197 0.0217663889448
55490 0.0215917911117
693561 0.0215503611174
982719 0.0215300688753
1960509 0.0214611598031
1432746 0.0214527047022
955673 0.0210853305691
1795525 0.0210447460849
1362237 0.0210202262923
1685098 0.0209906334392
2023678 0.0209842921136
1965724 0.0209546992605
847411 0.0209453986496
1875794 0.0208946680443
1988316 0.0208840991682
1172142 0.0208743758022
821458 0.0208080032603
1438844 0.0207974343842
83815 0.0207598091853
1188488 0.0207560043899
903090 0.0206697623609
183727 0.0206528521592
244958 0.0206055035943
1545604 0.0205945119631
828325 0.0205750652311
405008 0.0205530819688
1100958 0.0204964327929
1549936 0.020449084228
1468994 0.0204431656574
1087979 0.0203586146486
314235 0.0202977379223
1328198 0.020285055271
1213095 0.0202643402738
1137332 0.0200850921352
368726 0.0200390118355
2000227 0.0199844764348
474135 0.0199751758238
1523706 0.0199261362387
1747991 0.0199151446076
1442489 0.0196547275006
723949 0.0196056879155
575949 0.0194737883418
179501 0.0193761319266
1019574 0.0193431570332
1421654 0.0193397749929
384013 0.019273402451
1669002 0.0192564922492
1251823 0.0192539557189
1486030 0.0192509964336
1646325 0.0191901197073
475925 0.019119519615
1521478 0.0190696345198
1224955 0.0190087577935
1173060 0.0189643685139
362345 0.0188531839373
1074553 0.0187969575165
18561 0.0187863886404
504205 0.0187851203753
517453 0.0187770880294
539587 0.0187453814011
538188 0.0187001466114
1716351 0.0186916915106
1963829 0.0186007991761
672242 0.0185834662193
1475108 0.0185716290781
1971834 0.0185382314296
1177714 0.018493419395
1519704 0.0184756636831
1815811 0.0184464935851
980425 0.0184333881788
1061488 0.0184042180807
1344098 0.018387730634
744742 0.0182224334119
2044897 0.0182220106568
1311266 0.0182122872908
686665 0.0181881902533
148569 0.018185653723
1231497 0.0181721255616
1795415 0.0181695890314
1801458 0.0181691662763
649863 0.0181399961783
2039172 0.0180850380226
1230009 0.01805967272
123278 0.0180148606853
798599 0.0179679348754
1858995 0.0179506019186
143176 0.0178926844776
197989 0.0178897251923
1226538 0.0178791563162
1648546 0.017829271221
1016415 0.017800101123
521422 0.017781077146
661501 0.0177383788866
106760 0.0176508685925
1211852 0.017645795532
1113478 0.0176288853302
587550 0.0175637810535
1164172 0.0175295378949
127047 0.0175147414684
1176763 0.0175117821831
1582226 0.0174990995318
466304 0.0174711976989
779442 0.0174504827017
663810 0.0174424503559
1520683 0.0174394910706
345291 0.0174352635201
1801889 0.0174301904596
772488 0.0174297677046
1079226 0.0174014431166
1062119 0.0173972155662
1814910 0.0173904514855
497262 0.017366777203
1634761 0.0173443711857
1469716 0.0173080142519
2021576 0.0172357231394
129283 0.0171942931451
2045060 0.0171900655947
567921 0.0171769601883
1067990 0.0171494811105
813300 0.0170446378596
1761882 0.0169638916462
1472093 0.0169220388968
1696708 0.0169072424703
907519 0.016894559819
1069987 0.0168404471734
1323396 0.0167964806488
1505594 0.0167956351387
343625 0.0167892938131
475927 0.0167766111617
997170 0.0167487093289
1251590 0.0167275715767
1643380 0.0166852960723
1611236 0.0166650038302
1069053 0.0166256876111
43432 0.0166231510808
901351 0.0165998995534
1806390 0.016596094758
1142714 0.0165753797609
1019425 0.0165732659856
844508 0.016557201294
1189508 0.0164853329365
1946066 0.0164595448788
1155295 0.0164481304926
236566 0.0164096597837
1863140 0.0163948633571
1666013 0.0163399052014
1020003 0.0163322956106
1248975 0.0163284908152
1326678 0.0163060847979
1364828 0.0163031255126
460447 0.0163018572475
1809076 0.0162680368439
1969388 0.0161999732819
1083954 0.0161944774663
1382867 0.016124300129
128066 0.0161217635988
778282 0.0160342533047
769111 0.0160093107571
