24177 0.163684836678
285613 0.0173777314417
98808 0.006273131061
264962 0.00530835918601
167593 0.00481963162794
242532 0.00441165403839
52954 0.00423873918437
300558 0.00400494477294
444502 0.00389671444866
78249 0.00387303906523
237290 0.00360330880394
220514 0.00343293059815
10721 0.00332850524621
337728 0.00325536522238
174545 0.00277128818607
73518 0.00275564552201
24016 0.0027137908263
327590 0.00267827775114
154064 0.0023721888653
374771 0.00232906584547
366417 0.00224662477815
87241 0.00213966277798
73092 0.0019908460821
115838 0.00190755946538
334220 0.00190713669067
169902 0.00188430685664
59758 0.00187838801079
347803 0.00181328070634
364106 0.0017993291411
178462 0.00176719826358
287120 0.00175366947305
14843 0.00171096922792
260304 0.00168813939389
73462 0.00168644829508
23611 0.00168391164685
322170 0.00167122840573
174425 0.00163782920409
167844 0.001617958793
29462 0.00155581091148
158599 0.0015477781921
299629 0.00149915910111
34161 0.00148309366235
390974 0.00145180833424
228232 0.00138585548039
150636 0.0013672533934
341276 0.00134822853171
36224 0.00133554529059
289559 0.00130299163836
418360 0.00129960944073
323972 0.00129876389132
352578 0.0012966500178
284433 0.00127212908495
383600 0.0012564864209
300073 0.00125394977267
231746 0.00123407936158
60639 0.0012268921916
251484 0.0012268921916
2830 0.00121251785166
183203 0.00120702178051
234578 0.00119983461054
283823 0.00119476131409
161537 0.00116474431009
286264 0.00115755714012
304661 0.00115121551955
93718 0.00113853227843
348488 0.00113810950372
139391 0.0011254262626
397350 0.0011254262626
244711 0.00112288961437
186125 0.00111654799381
419276 0.00110301920327
1508 0.00110005978034
398319 0.00109963700564
428719 0.00109794590682
290537 0.00107722994632
403132 0.00107722994632
395447 0.00107300219927
351111 0.00106877445223
324660 0.00106835167753
13252 0.00105947340874
131804 0.00105355456288
430081 0.00102818808063
24052 0.00102691975652
244616 0.00101592761421
86836 0.00100916321894
393137 0.00100324437308
374859 0.00100155327426
111772 0.000993943329588
206933 0.000992252230771
109127 0.000976186792011
96443 0.000970690720856
228238 0.000959275803843
269785 0.000952511408575
2903 0.000949551985646
272741 0.000947860886829
213350 0.000935177645703
225356 0.00093390932159
174595 0.000933486546886
414726 0.000926299376915
429208 0.000906851740521
